1.000000000000000000e+00 5.269052435415624291e-01 5.132544174247740676e-01 3.836118639269313069e-01 5.613616842671960150e-01 5.952479007498616692e-01 5.562450831498981785e-01 2.441891579494481213e-01 3.884906762356102883e-01 1.824226677380896000e-01 4.876893444083719165e-01 4.331911136859136757e-01 5.016764649585324642e-01 3.736773112143721431e-01 4.860447308493381358e-01 5.371895798626399321e-01 5.382660355562745025e-01 2.983729225633687809e-01 4.944571137161130059e-01 3.358199839061027925e-01 2.532735750896483173e-01 2.075173813222885577e-01 1.438983096617923729e-01 1.558904506454777683e-01
5.269052435415624291e-01 1.000000000000000000e+00 5.408343007409255332e-01 4.176226288787047158e-01 7.171713469093282667e-01 4.891133707363147787e-01 6.740163109251625650e-01 3.006972058191099695e-01 2.674776553915866883e-01 2.136582594822231951e-01 6.151812512635679298e-01 2.705024268049177061e-01 6.285615398984217839e-01 4.445372557852051432e-01 6.686937252856243186e-01 5.968714928263481045e-01 7.092707056064462279e-01 2.128410980827809551e-01 6.410922863244425951e-01 4.084593101075416621e-01 2.797662035564446592e-01 1.333392403023108130e-01 7.636859395304174125e-02 1.004178526857217313e-01
5.132544174247740676e-01 5.408343007409255332e-01 1.000000000000000444e+00 3.281813918617350612e-01 6.823207441377855398e-01 3.816923811541673706e-01 5.074267659757809579e-01 6.516856947256548516e-01 2.140355666169279358e-01 2.919103126139185878e-01 7.272825019594386653e-01 2.278475607231276456e-01 5.538510049895888354e-01 3.002569548234960695e-01 6.656751391017845521e-01 7.989109580791889931e-01 7.606844349917278869e-01 1.691043604952477408e-01 5.661575958897310246e-01 2.565203491515334333e-01 3.563594436104066676e-01 1.289219014140703390e-01 1.416056722294293524e-01 1.581600886361950176e-01
3.836118639269313069e-01 4.176226288787047158e-01 3.281813918617350612e-01 1.000000000000000000e+00 5.123635516662686795e-01 1.643145592618031892e-01 3.512262083358924092e-01 4.272937307751092373e-01 2.369023430986355316e-01 3.129113359138701589e-01 4.689149938885875391e-01 1.382989473943057324e-01 3.597184290770863990e-01 2.193781341822099162e-01 3.731550634209648831e-01 2.898207108792194564e-01 4.657409469493632437e-01 1.464854864339209528e-01 3.924961738364802222e-01 1.406330961301230087e-01 2.959496794597051839e-01 6.871504464800202994e-02 1.399483266177518892e-01 1.760807016124076585e-01
5.613616842671960150e-01 7.171713469093282667e-01 6.823207441377855398e-01 5.123635516662686795e-01 9.999999999999998890e-01 4.361756163118065688e-01 6.954370286195680206e-01 5.098099694336770682e-01 2.681398197611859491e-01 3.521634468996138190e-01 7.290969169867296262e-01 2.856587182909149369e-01 7.346025300573697514e-01 4.287665652154475926e-01 8.137988179782693621e-01 6.790920325569121951e-01 8.547825039910280642e-01 2.266759786471535254e-01 7.245055313841184397e-01 4.117264460333226461e-01 3.517472118552685267e-01 1.390161262038175360e-01 1.526003215041819572e-01 2.171658522657041734e-01
5.952479007498616692e-01 4.891133707363147787e-01 3.816923811541673706e-01 1.643145592618031892e-01 4.361756163118065688e-01 1.000000000000000444e+00 6.272341302393716900e-01 9.265144259243901503e-02 3.899442692618481643e-01 1.311357685483634794e-01 3.686613781682541169e-01 4.804191779076450453e-01 4.282635029501286050e-01 3.491827224976723487e-01 4.143016546362360275e-01 5.044396583155307257e-01 4.596756512284271845e-01 3.373843624045902434e-01 4.568086730094355064e-01 4.153927271179828073e-01 1.365423679624245823e-01 2.081400413604087285e-01 1.623670075389074541e-01 1.834364275229318497e-01
5.562450831498981785e-01 6.740163109251625650e-01 5.074267659757809579e-01 3.512262083358924092e-01 6.954370286195680206e-01 6.272341302393716900e-01 9.999999999999998890e-01 2.771886647072733800e-01 3.096330782775195689e-01 2.306466014732419523e-01 6.121789440693897744e-01 3.371751970499787809e-01 6.328493433303655769e-01 4.408058781783271152e-01 6.673285290986104012e-01 5.981241452801689951e-01 7.035929087191719056e-01 2.735408609616551412e-01 6.414203579384709641e-01 4.190355258594496979e-01 2.134497810390917627e-01 9.406089939915898701e-02 2.814845101718809750e-01 2.928630864977606052e-01
2.441891579494481213e-01 3.006972058191099695e-01 6.516856947256548516e-01 4.272937307751092373e-01 5.098099694336770682e-01 9.265144259243901503e-02 2.771886647072733800e-01 1.000000000000000000e+00 5.462530953241841181e-02 4.979546755204423691e-01 5.502330014440206529e-01 7.733304191853179743e-02 2.509870027299156425e-01 1.428066383355697244e-01 4.562561776833299332e-01 4.305375533371283980e-01 5.435491630435091981e-01 1.536983989873792929e-02 3.167889111727282825e-01 1.146649564571351060e-01 2.781805097615063782e-01 -1.292619526364392410e-02 1.624381541549683727e-01 1.718891380793024504e-01
3.884906762356102883e-01 2.674776553915866883e-01 2.140355666169279358e-01 2.369023430986355316e-01 2.681398197611859491e-01 3.899442692618481643e-01 3.096330782775195689e-01 5.462530953241841181e-02 9.999999999999998890e-01 3.483246120677507829e-02 1.986424998080620619e-01 2.539038598915619449e-01 2.126149523742055514e-01 1.724686454274639846e-01 2.084730418598843560e-01 3.055317522181100198e-01 2.394453611230232815e-01 5.569903922934030804e-01 1.979384129097055134e-01 1.719632593044330415e-01 1.997292628464286679e-02 2.986170380943545810e-01 1.719178166006725406e-01 3.946017992899895910e-02
1.824226677380896000e-01 2.136582594822231951e-01 2.919103126139185878e-01 3.129113359138701589e-01 3.521634468996138190e-01 1.311357685483634794e-01 2.306466014732419523e-01 4.979546755204423691e-01 3.483246120677507829e-02 1.000000000000000000e+00 3.191361879676870017e-01 8.899293049036895165e-02 2.153148583035874308e-01 8.967938727129887155e-02 3.736250128498693757e-01 2.804523741574865281e-01 3.912291651941141035e-01 5.156250739323557652e-02 2.149514119654407640e-01 9.959949707764355342e-02 2.404320216515660746e-01 2.144942835839110454e-02 1.097347986980048290e-01 1.149344075599204179e-01
4.876893444083719165e-01 6.151812512635679298e-01 7.272825019594386653e-01 4.689149938885875391e-01 7.290969169867296262e-01 3.686613781682541169e-01 6.121789440693897744e-01 5.502330014440206529e-01 1.986424998080620619e-01 3.191361879676870017e-01 9.999999999999998890e-01 3.024213393972111641e-01 6.357713517388380309e-01 3.688245307392814532e-01 6.952291824143823629e-01 6.309399740407057866e-01 7.709974957275914642e-01 1.788945618243147073e-01 6.583495000053896096e-01 3.375277214187766828e-01 3.500675560131151220e-01 8.204473053439466368e-02 1.472736851561446958e-01 1.584868389852817916e-01
4.331911136859136757e-01 2.705024268049177061e-01 2.278475607231276456e-01 1.382989473943057324e-01 2.856587182909149369e-01 4.804191779076450453e-01 3.371751970499787809e-01 7.733304191853179743e-02 2.539038598915619449e-01 8.899293049036895165e-02 3.024213393972111641e-01 1.000000000000000000e+00 3.543776285346517119e-01 2.353941999349361547e-01 2.316271548358396770e-01 3.085326068224425455e-01 2.746316150782554533e-01 1.937183723958144088e-01 3.583512114959634953e-01 4.761908156707912454e-01 9.582120873251068205e-02 2.099792720778252963e-01 1.721062294542150539e-01 8.685222585913467130e-02
5.016764649585324642e-01 6.285615398984217839e-01 5.538510049895888354e-01 3.597184290770863990e-01 7.346025300573697514e-01 4.282635029501286050e-01 6.328493433303655769e-01 2.509870027299156425e-01 2.126149523742055514e-01 2.153148583035874308e-01 6.357713517388380309e-01 3.543776285346517119e-01 1.000000000000000222e+00 4.687572224819220867e-01 7.495688237916916519e-01 6.861779090965340888e-01 7.415487851027821042e-01 2.218825886617758758e-01 7.479615991996224622e-01 4.344204843041356567e-01 3.098159309999449218e-01 1.222621995460575484e-01 1.193002320535594823e-01 1.214127352214216110e-01
3.736773112143721431e-01 4.445372557852051432e-01 3.002569548234960695e-01 2.193781341822099162e-01 4.287665652154475926e-01 3.491827224976723487e-01 4.408058781783271152e-01 1.428066383355697244e-01 1.724686454274639846e-01 8.967938727129887155e-02 3.688245307392814532e-01 2.353941999349361547e-01 4.687572224819220867e-01 1.000000000000000000e+00 4.887211313720482009e-01 3.886416130066285834e-01 4.773390767853784022e-01 2.021994680135129063e-01 4.793913706792390372e-01 4.086641048726358250e-01 1.611881868895324033e-01 3.112159598744209874e-02 6.632865692998345108e-02 1.063322959060052225e-01
4.860447308493381358e-01 6.686937252856243186e-01 6.656751391017845521e-01 3.731550634209648831e-01 8.137988179782693621e-01 4.143016546362360275e-01 6.673285290986104012e-01 4.562561776833299332e-01 2.084730418598843560e-01 3.736250128498693757e-01 6.952291824143823629e-01 2.316271548358396770e-01 7.495688237916916519e-01 4.887211313720482009e-01 1.000000000000000000e+00 7.360668794634872558e-01 8.931120981923343916e-01 2.061819443267181307e-01 7.341015570106899091e-01 3.749429543568403300e-01 2.886670635455825251e-01 7.149620642218883215e-02 1.113730596771083936e-01 1.393340103422099352e-01
5.371895798626399321e-01 5.968714928263481045e-01 7.989109580791889931e-01 2.898207108792194564e-01 6.790920325569121951e-01 5.044396583155307257e-01 5.981241452801689951e-01 4.305375533371283980e-01 3.055317522181100198e-01 2.804523741574865281e-01 6.309399740407057866e-01 3.085326068224425455e-01 6.861779090965340888e-01 3.886416130066285834e-01 7.360668794634872558e-01 9.999999999999997780e-01 7.890151541329420981e-01 3.126745204447763937e-01 6.562534712823087091e-01 3.532509617306643923e-01 3.221053793682021049e-01 1.614581646221117939e-01 1.511352956954929994e-01 1.294241723051275106e-01
5.382660355562745025e-01 7.092707056064462279e-01 7.606844349917278869e-01 4.657409469493632437e-01 8.547825039910280642e-01 4.596756512284271845e-01 7.035929087191719056e-01 5.435491630435091981e-01 2.394453611230232815e-01 3.912291651941141035e-01 7.709974957275914642e-01 2.746316150782554533e-01 7.415487851027821042e-01 4.773390767853784022e-01 8.931120981923343916e-01 7.890151541329420981e-01 1.000000000000000222e+00 2.606025178141683774e-01 7.642481572263015721e-01 4.068397433009435793e-01 3.138313468171542997e-01 9.668480741159952985e-02 1.453101733359266901e-01 1.693165270973504277e-01
2.983729225633687809e-01 2.128410980827809551e-01 1.691043604952477408e-01 1.464854864339209528e-01 2.266759786471535254e-01 3.373843624045902434e-01 2.735408609616551412e-01 1.536983989873792929e-02 5.569903922934030804e-01 5.156250739323557652e-02 1.788945618243147073e-01 1.937183723958144088e-01 2.218825886617758758e-01 2.021994680135129063e-01 2.061819443267181307e-01 3.126745204447763937e-01 2.606025178141683774e-01 1.000000000000000222e+00 1.711545793697200890e-01 1.552844700359171104e-01 -3.342392771570175392e-02 3.073833979813411776e-01 1.138407482875683219e-01 -1.116558707880842272e-02
4.944571137161130059e-01 6.410922863244425951e-01 5.661575958897310246e-01 3.924961738364802222e-01 7.245055313841184397e-01 4.568086730094355064e-01 6.414203579384709641e-01 3.167889111727282825e-01 1.979384129097055134e-01 2.149514119654407640e-01 6.583495000053896096e-01 3.583512114959634953e-01 7.479615991996224622e-01 4.793913706792390372e-01 7.341015570106899091e-01 6.562534712823087091e-01 7.642481572263015721e-01 1.711545793697200890e-01 1.000000000000000222e+00 5.498370746807391685e-01 3.174607445185195220e-01 1.648942989345398291e-01 1.562537843604306365e-01 1.846511389039830475e-01
3.358199839061027925e-01 4.084593101075416621e-01 2.565203491515334333e-01 1.406330961301230087e-01 4.117264460333226461e-01 4.153927271179828073e-01 4.190355258594496979e-01 1.146649564571351060e-01 1.719632593044330415e-01 9.959949707764355342e-02 3.375277214187766828e-01 4.761908156707912454e-01 4.344204843041356567e-01 4.086641048726358250e-01 3.749429543568403300e-01 3.532509617306643923e-01 4.068397433009435793e-01 1.552844700359171104e-01 5.498370746807391685e-01 1.000000000000000222e+00 1.102848457897515067e-01 1.305970971101727274e-01 1.867302444797213079e-01 1.305469116005579522e-01
2.532735750896483173e-01 2.797662035564446592e-01 3.563594436104066676e-01 2.959496794597051839e-01 3.517472118552685267e-01 1.365423679624245823e-01 2.134497810390917627e-01 2.781805097615063782e-01 1.997292628464286679e-02 2.404320216515660746e-01 3.500675560131151220e-01 9.582120873251068205e-02 3.098159309999449218e-01 1.611881868895324033e-01 2.886670635455825251e-01 3.221053793682021049e-01 3.138313468171542997e-01 -3.342392771570175392e-02 3.174607445185195220e-01 1.102848457897515067e-01 9.999999999999998890e-01 1.446582705261771351e-01 1.252300594687681332e-02 3.112288070578205779e-01
2.075173813222885577e-01 1.333392403023108130e-01 1.289219014140703390e-01 6.871504464800202994e-02 1.390161262038175360e-01 2.081400413604087285e-01 9.406089939915898701e-02 -1.292619526364392410e-02 2.986170380943545810e-01 2.144942835839110454e-02 8.204473053439466368e-02 2.099792720778252963e-01 1.222621995460575484e-01 3.112159598744209874e-02 7.149620642218883215e-02 1.614581646221117939e-01 9.668480741159952985e-02 3.073833979813411776e-01 1.648942989345398291e-01 1.305970971101727274e-01 1.446582705261771351e-01 1.000000000000000222e+00 6.590093242627163839e-02 6.148566013535735481e-02
1.438983096617923729e-01 7.636859395304174125e-02 1.416056722294293524e-01 1.399483266177518892e-01 1.526003215041819572e-01 1.623670075389074541e-01 2.814845101718809750e-01 1.624381541549683727e-01 1.719178166006725406e-01 1.097347986980048290e-01 1.472736851561446958e-01 1.721062294542150539e-01 1.193002320535594823e-01 6.632865692998345108e-02 1.113730596771083936e-01 1.511352956954929994e-01 1.453101733359266901e-01 1.138407482875683219e-01 1.562537843604306365e-01 1.867302444797213079e-01 1.252300594687681332e-02 6.590093242627163839e-02 9.999999999999998890e-01 4.836561538073647637e-01
1.558904506454777683e-01 1.004178526857217313e-01 1.581600886361950176e-01 1.760807016124076585e-01 2.171658522657041734e-01 1.834364275229318497e-01 2.928630864977606052e-01 1.718891380793024504e-01 3.946017992899895910e-02 1.149344075599204179e-01 1.584868389852817916e-01 8.685222585913467130e-02 1.214127352214216110e-01 1.063322959060052225e-01 1.393340103422099352e-01 1.294241723051275106e-01 1.693165270973504277e-01 -1.116558707880842272e-02 1.846511389039830475e-01 1.305469116005579522e-01 3.112288070578205779e-01 6.148566013535735481e-02 4.836561538073647637e-01 1.000000000000000000e+00
