1.000000000000000000e+00 5.269052435415624291e-01 5.134642691787396629e-01 3.835682148470256347e-01 5.613930168025155210e-01 5.952355198008338899e-01 5.562676867055713625e-01 2.441947493672567138e-01 3.885471402637140081e-01 1.824352131238717034e-01 4.879544051207076460e-01 4.331388455838838247e-01 5.016776908598020723e-01 3.736489590103012071e-01 4.861171898832115645e-01 5.374893682881798362e-01 5.384295908506145922e-01 2.983492812719094611e-01 4.944876458178504852e-01 3.357479661115552738e-01 2.536412809803899604e-01 2.075024326156316989e-01 1.432706111043815511e-01 1.560239838914201094e-01
5.269052435415624291e-01 1.000000000000000000e+00 5.409342350976245051e-01 4.175813355183928821e-01 7.172072844597826569e-01 4.891293011087575748e-01 6.740285917341352073e-01 2.998716380920028457e-01 2.675270727803947812e-01 2.133292955659930046e-01 6.152485532800657797e-01 2.705041342882611444e-01 6.285768636390560715e-01 4.445540826014265923e-01 6.687232636639400818e-01 5.968689821037943544e-01 7.094262544478548982e-01 2.128249532981993652e-01 6.410798563356656654e-01 4.083043711018686239e-01 2.796054170336244038e-01 1.333704341581072317e-01 7.586755064777046809e-02 1.000840093211541049e-01
5.134642691787396629e-01 5.409342350976245051e-01 9.999999999999998890e-01 3.281878590204148627e-01 6.825540118333814910e-01 3.817359810655821528e-01 5.075652923350678636e-01 6.511966065445574658e-01 2.142639244799850740e-01 2.917716237187006900e-01 7.272898200172868144e-01 2.279032396018697282e-01 5.539323717065184338e-01 3.003047116869360100e-01 6.658775811398381927e-01 7.985909012278903374e-01 7.606688781400600119e-01 1.691953006719628394e-01 5.659957901876812025e-01 2.565270393679322525e-01 3.563184268063665505e-01 1.292150436420334003e-01 1.408586609161971426e-01 1.581106177888939868e-01
3.835682148470256347e-01 4.175813355183928821e-01 3.281878590204148627e-01 1.000000000000000000e+00 5.124207928621923314e-01 1.642503449186542841e-01 3.511986855437065347e-01 4.275013915597190572e-01 2.370149452585701422e-01 3.132656179871010638e-01 4.690028948867976943e-01 1.382747827018062370e-01 3.596650410221436944e-01 2.193692327050670299e-01 3.730926404848173283e-01 2.897608388226253773e-01 4.657520368787798626e-01 1.464569755063686030e-01 3.923995593591194653e-01 1.406735195213729694e-01 2.969206063238455928e-01 6.881328681729387275e-02 1.401106478266250233e-01 1.766920833197757335e-01
5.613930168025155210e-01 7.172072844597826569e-01 6.825540118333814910e-01 5.124207928621923314e-01 1.000000000000000000e+00 4.361995545633794991e-01 6.954611477401911879e-01 5.095210787523746232e-01 2.682018054858238409e-01 3.519021093571395586e-01 7.293343222314925267e-01 2.856471399907436481e-01 7.346346245681720788e-01 4.288211694162324950e-01 8.138703717168093155e-01 6.793548655960006677e-01 8.549691641022416633e-01 2.267359215579698162e-01 7.245683056645385589e-01 4.116332729132619606e-01 3.518352058406285510e-01 1.390245376284711676e-01 1.518179109087440248e-01 2.171013851026171726e-01
5.952355198008338899e-01 4.891293011087575748e-01 3.817359810655821528e-01 1.642503449186542841e-01 4.361995545633794991e-01 1.000000000000000000e+00 6.272677648493232283e-01 9.221441299463303820e-02 3.900277299743941661e-01 1.310317748777929947e-01 3.688324423261734597e-01 4.804059127550560082e-01 4.282548980366838176e-01 3.491797229674311054e-01 4.143556873331590285e-01 5.045723201275827963e-01 4.597921398722226161e-01 3.373484212616173483e-01 4.568406934866827140e-01 4.152890359508699114e-01 1.364967676876527869e-01 2.082154762831686934e-01 1.618079369167814141e-01 1.832038850555247067e-01
5.562676867055713625e-01 6.740285917341352073e-01 5.075652923350678636e-01 3.511986855437065347e-01 6.954611477401911879e-01 6.272677648493232283e-01 1.000000000000000000e+00 2.766151441973010994e-01 3.097138278661911159e-01 2.303468720974982120e-01 6.122903080652860597e-01 3.371677729478774754e-01 6.328720859524955555e-01 4.407746508405516739e-01 6.673103796958175238e-01 5.983164815403876347e-01 7.037084954168000284e-01 2.735633860014381469e-01 6.414789333183348319e-01 4.189868753097971132e-01 2.136177705739774335e-01 9.411367298504834389e-02 2.807808110909428279e-01 2.925237594908060568e-01
2.441947493672567138e-01 2.998716380920028457e-01 6.511966065445574658e-01 4.275013915597190572e-01 5.095210787523746232e-01 9.221441299463303820e-02 2.766151441973010994e-01 9.999999999999998890e-01 5.492590869646164081e-02 4.977356116483779291e-01 5.490849830926419761e-01 7.726071402596426663e-02 2.501278057607150829e-01 1.423740413238820668e-01 4.554574415756447725e-01 4.296973149840799810e-01 5.425693428609072999e-01 1.545184180861734063e-02 3.156866641946191043e-01 1.143602306319707884e-01 2.780458414083086804e-01 -1.272661797854567067e-02 1.620569667171088690e-01 1.725094331431739902e-01
3.885471402637140081e-01 2.675270727803947812e-01 2.142639244799850740e-01 2.370149452585701422e-01 2.682018054858238409e-01 3.900277299743941661e-01 3.097138278661911159e-01 5.492590869646164081e-02 1.000000000000000000e+00 3.501690178451003638e-02 1.989733586188876524e-01 2.539028123381762425e-01 2.126852027773900589e-01 1.724852968046575730e-01 2.085197318795663779e-01 3.061195325530919886e-01 2.397286821114749944e-01 5.569815837319027629e-01 1.981331273811801075e-01 1.720100636721151599e-01 2.038513310779316301e-02 2.986677145296996461e-01 1.719670112119590089e-01 3.963958049048566662e-02
1.824352131238717034e-01 2.133292955659930046e-01 2.917716237187006900e-01 3.132656179871010638e-01 3.519021093571395586e-01 1.310317748777929947e-01 2.303468720974982120e-01 4.977356116483779291e-01 3.501690178451003638e-02 1.000000000000000222e+00 3.187243297356990301e-01 8.894892390720786357e-02 2.150399145790506950e-01 8.946765138852863508e-02 3.732341110331149348e-01 2.804965479932390315e-01 3.907664458485793912e-01 5.171110984779275777e-02 2.147745252111148140e-01 9.927949469317108588e-02 2.406722284481846719e-01 2.159999400206668099e-02 1.094277729137027311e-01 1.154887860711086706e-01
4.879544051207076460e-01 6.152485532800657797e-01 7.272898200172868144e-01 4.690028948867976943e-01 7.293343222314925267e-01 3.688324423261734597e-01 6.122903080652860597e-01 5.490849830926419761e-01 1.989733586188876524e-01 3.187243297356990301e-01 1.000000000000000222e+00 3.024755511034050715e-01 6.359079816346414615e-01 3.689486571456007669e-01 6.953426847846498893e-01 6.309508798854629452e-01 7.710365471687743444e-01 1.790879270864726147e-01 6.582789494072193159e-01 3.375364621442735746e-01 3.505558755115611991e-01 8.218583403673283827e-02 1.466414697928384026e-01 1.585262316621039724e-01
4.331388455838838247e-01 2.705041342882611444e-01 2.279032396018697282e-01 1.382747827018062370e-01 2.856471399907436481e-01 4.804059127550560082e-01 3.371677729478774754e-01 7.726071402596426663e-02 2.539028123381762425e-01 8.894892390720786357e-02 3.024755511034050715e-01 1.000000000000000000e+00 3.543547157078952847e-01 2.353888904051819886e-01 2.316759889500452918e-01 3.088162755929928505e-01 2.747900384210337776e-01 1.936198612792967844e-01 3.584970153899935674e-01 4.761956412251032722e-01 9.610838019057957315e-02 2.100979734092026097e-01 1.719312749785309735e-01 8.683536911482760134e-02
5.016776908598020723e-01 6.285768636390560715e-01 5.539323717065184338e-01 3.596650410221436944e-01 7.346346245681720788e-01 4.282548980366838176e-01 6.328720859524955555e-01 2.501278057607150829e-01 2.126852027773900589e-01 2.150399145790506950e-01 6.359079816346414615e-01 3.543547157078952847e-01 1.000000000000000000e+00 4.688089269389199565e-01 7.496275793733582216e-01 6.861834274611897655e-01 7.416748101694778939e-01 2.219169421813591558e-01 7.478654947908496275e-01 4.342423900946550397e-01 3.097677307015709869e-01 1.222745201818807581e-01 1.186373059893783000e-01 1.210347958171733573e-01
3.736489590103012071e-01 4.445540826014265923e-01 3.003047116869360100e-01 2.193692327050670299e-01 4.288211694162324950e-01 3.491797229674311054e-01 4.407746508405516739e-01 1.423740413238820668e-01 1.724852968046575730e-01 8.946765138852863508e-02 3.689486571456007669e-01 2.353888904051819886e-01 4.688089269389199565e-01 1.000000000000000000e+00 4.887491056457335392e-01 3.886677087645813433e-01 4.774924143303697632e-01 2.022565298659683986e-01 4.795257322338429828e-01 4.086347018827469757e-01 1.610395725145483126e-01 3.105808599214168048e-02 6.529358245247048054e-02 1.060249635434812876e-01
4.861171898832115645e-01 6.687232636639400818e-01 6.658775811398381927e-01 3.730926404848173283e-01 8.138703717168093155e-01 4.143556873331590285e-01 6.673103796958175238e-01 4.554574415756447725e-01 2.085197318795663779e-01 3.732341110331149348e-01 6.953426847846498893e-01 2.316759889500452918e-01 7.496275793733582216e-01 4.887491056457335392e-01 1.000000000000000222e+00 7.361626675979593415e-01 8.931908445598403246e-01 2.061865536529192966e-01 7.341232402847733818e-01 3.749233636275315917e-01 2.885635596017737670e-01 7.147227685332797897e-02 1.104428287227831040e-01 1.391321843708415718e-01
5.374893682881798362e-01 5.968689821037943544e-01 7.985909012278903374e-01 2.897608388226253773e-01 6.793548655960006677e-01 5.045723201275827963e-01 5.983164815403876347e-01 4.296973149840799810e-01 3.061195325530919886e-01 2.804965479932390315e-01 6.309508798854629452e-01 3.088162755929928505e-01 6.861834274611897655e-01 3.886677087645813433e-01 7.361626675979593415e-01 9.999999999999998890e-01 7.890209995979580171e-01 3.131694221470828765e-01 6.562058938574577560e-01 3.533513654547533744e-01 3.217485419766204502e-01 1.618959968970460073e-01 1.506852459306022851e-01 1.294916275139931794e-01
5.384295908506145922e-01 7.094262544478548982e-01 7.606688781400600119e-01 4.657520368787798626e-01 8.549691641022416633e-01 4.597921398722226161e-01 7.037084954168000284e-01 5.425693428609072999e-01 2.397286821114749944e-01 3.907664458485793912e-01 7.710365471687743444e-01 2.747900384210337776e-01 7.416748101694778939e-01 4.774924143303697632e-01 8.931908445598403246e-01 7.890209995979580171e-01 1.000000000000000222e+00 2.607685192258128448e-01 7.643461851510117144e-01 4.069583651175377459e-01 3.139972296134457275e-01 9.683085606875424522e-02 1.447601599504060588e-01 1.692042183978539616e-01
2.983492812719094611e-01 2.128249532981993652e-01 1.691953006719628394e-01 1.464569755063686030e-01 2.267359215579698162e-01 3.373484212616173483e-01 2.735633860014381469e-01 1.545184180861734063e-02 5.569815837319027629e-01 5.171110984779275777e-02 1.790879270864726147e-01 1.936198612792967844e-01 2.219169421813591558e-01 2.022565298659683986e-01 2.061865536529192966e-01 3.131694221470828765e-01 2.607685192258128448e-01 9.999999999999997780e-01 1.712778682817154841e-01 1.553298079416987054e-01 -3.329862081212254382e-02 3.073842007045543556e-01 1.138090327736753643e-01 -1.102549716716678084e-02
4.944876458178504852e-01 6.410798563356656654e-01 5.659957901876812025e-01 3.923995593591194653e-01 7.245683056645385589e-01 4.568406934866827140e-01 6.414789333183348319e-01 3.156866641946191043e-01 1.981331273811801075e-01 2.147745252111148140e-01 6.582789494072193159e-01 3.584970153899935674e-01 7.478654947908496275e-01 4.795257322338429828e-01 7.341232402847733818e-01 6.562058938574577560e-01 7.643461851510117144e-01 1.712778682817154841e-01 9.999999999999998890e-01 5.498554736284460009e-01 3.172935650409952069e-01 1.649332030260290960e-01 1.555293956225402008e-01 1.845457703302114949e-01
3.357479661115552738e-01 4.083043711018686239e-01 2.565270393679322525e-01 1.406735195213729694e-01 4.116332729132619606e-01 4.152890359508699114e-01 4.189868753097971132e-01 1.143602306319707884e-01 1.720100636721151599e-01 9.927949469317108588e-02 3.375364621442735746e-01 4.761956412251032722e-01 4.342423900946550397e-01 4.086347018827469757e-01 3.749233636275315917e-01 3.533513654547533744e-01 4.069583651175377459e-01 1.553298079416987054e-01 5.498554736284460009e-01 1.000000000000000000e+00 1.103761818351155777e-01 1.307785445686067138e-01 1.865833634082226522e-01 1.303272485957603921e-01
2.536412809803899604e-01 2.796054170336244038e-01 3.563184268063665505e-01 2.969206063238455928e-01 3.518352058406285510e-01 1.364967676876527869e-01 2.136177705739774335e-01 2.780458414083086804e-01 2.038513310779316301e-02 2.406722284481846719e-01 3.505558755115611991e-01 9.610838019057957315e-02 3.097677307015709869e-01 1.610395725145483126e-01 2.885635596017737670e-01 3.217485419766204502e-01 3.139972296134457275e-01 -3.329862081212254382e-02 3.172935650409952069e-01 1.103761818351155777e-01 9.999999999999998890e-01 1.441860129715979710e-01 1.150626375781418909e-02 3.119013849375182890e-01
2.075024326156316989e-01 1.333704341581072317e-01 1.292150436420334003e-01 6.881328681729387275e-02 1.390245376284711676e-01 2.082154762831686934e-01 9.411367298504834389e-02 -1.272661797854567067e-02 2.986677145296996461e-01 2.159999400206668099e-02 8.218583403673283827e-02 2.100979734092026097e-01 1.222745201818807581e-01 3.105808599214168048e-02 7.147227685332797897e-02 1.618959968970460073e-01 9.683085606875424522e-02 3.073842007045543556e-01 1.649332030260290960e-01 1.307785445686067138e-01 1.441860129715979710e-01 1.000000000000000000e+00 6.543335474423384035e-02 6.155494081452326377e-02
1.432706111043815511e-01 7.586755064777046809e-02 1.408586609161971426e-01 1.401106478266250233e-01 1.518179109087440248e-01 1.618079369167814141e-01 2.807808110909428279e-01 1.620569667171088690e-01 1.719670112119590089e-01 1.094277729137027311e-01 1.466414697928384026e-01 1.719312749785309735e-01 1.186373059893783000e-01 6.529358245247048054e-02 1.104428287227831040e-01 1.506852459306022851e-01 1.447601599504060588e-01 1.138090327736753643e-01 1.555293956225402008e-01 1.865833634082226522e-01 1.150626375781418909e-02 6.543335474423384035e-02 1.000000000000000222e+00 4.828711195206472073e-01
1.560239838914201094e-01 1.000840093211541049e-01 1.581106177888939868e-01 1.766920833197757335e-01 2.171013851026171726e-01 1.832038850555247067e-01 2.925237594908060568e-01 1.725094331431739902e-01 3.963958049048566662e-02 1.154887860711086706e-01 1.585262316621039724e-01 8.683536911482760134e-02 1.210347958171733573e-01 1.060249635434812876e-01 1.391321843708415718e-01 1.294916275139931794e-01 1.692042183978539616e-01 -1.102549716716678084e-02 1.845457703302114949e-01 1.303272485957603921e-01 3.119013849375182890e-01 6.155494081452326377e-02 4.828711195206472073e-01 1.000000000000000000e+00
